1769020694160 2.2370781475409967 0
1769020699028 2.2522347367454465 1
1769020704116 2.1432346589494458 2
1769020709126 2.267845310787163 3
1769020714348 2.3136574426681507 4
1769020719299 2.313756338985295 5
1769020724275 2.3144251000127625 6
1769020729135 2.3135850324216727 7
1769020734138 2.313663991643378 8
1769020739293 2.3141113595025558 9
1769020744236 2.31341835713441 10
1769020749100 2.3158508590951006 11
1769020753988 2.3142186338812545 12
1769020758843 2.313623605206643 13
1769020763710 2.314039342565021 14
