1769020694161 0.155 0
1769020699028 0.1575238095238095 1
1769020704117 0.1865952380952381 2
1769020709127 0.13092857142857142 3
1769020714349 0.10316666666666667 4
1769020719300 0.1044047619047619 5
1769020724276 0.10116666666666667 6
1769020729136 0.10204761904761905 7
1769020734138 0.10378571428571429 8
1769020739293 0.10352380952380952 9
1769020744237 0.1026904761904762 10
1769020749101 0.10095238095238095 11
1769020753988 0.10278571428571429 12
1769020758844 0.10571428571428572 13
1769020763711 0.09947619047619048 14
