1769021591427 2.0349751834274246 0
1769021593868 1.9872568285084207 1
1769021596312 1.928369794806389 2
1769021598773 1.848277158933143 3
1769021601352 1.862323666272098 4
1769021603803 1.9728305240018547 5
1769021606244 2.0995221685964043 6
1769021608736 2.052834822162646 7
1769021611279 2.2715762002645925 8
1769021613821 2.3148295970086457 9
1769021616503 2.3133744787044903 10
1769021619024 2.314219298428052 11
1769021621504 2.3143253798172716 12
1769021624097 2.3135003379490824 13
1769021626670 2.3150269241274946 14
