1769021591428 0.24047619047619048 0
1769021593868 0.23723809523809525 1
1769021596313 0.2521904761904762 2
1769021598774 0.26757142857142857 3
1769021601353 0.2623809523809524 4
1769021603804 0.23052380952380952 5
1769021606244 0.1848095238095238 6
1769021608737 0.195 7
1769021611280 0.12242857142857143 8
1769021613822 0.10128571428571428 9
1769021616504 0.106 10
1769021619024 0.10504761904761904 11
1769021621504 0.09995238095238096 12
1769021624098 0.10542857142857143 13
1769021626671 0.10323809523809524 14
