1769034617534 3.8585559952826727 0
1769034621223 1.0248988199801672 1
1769034624898 1.060950871024813 2
1769034628603 1.253434773002352 3
1769034632334 1.0021909801732927 4
1769034636144 0.9078676601250967 5
1769034639825 1.0132782147044228 6
1769034643516 0.9445566038290659 7
1769034647191 0.9866013058594295 8
1769034650918 0.9531038616384778 9
1769034654587 0.9437178401719957 10
1769034658256 0.994133011216209 11
1769034662053 1.075813494977497 12
1769034665720 0.9516439352716718 13
1769034669390 1.0802451840468816 14
