1769034617536 0.449 0
1769034621225 0.6646666666666666 1
1769034624900 0.6159523809523809 2
1769034628606 0.5504285714285714 3
1769034632336 0.6226190476190476 4
1769034636146 0.6398571428571429 5
1769034639827 0.6140476190476191 6
1769034643518 0.6342857142857142 7
1769034647193 0.6323809523809524 8
1769034650921 0.645 9
1769034654590 0.6455238095238095 10
1769034658258 0.6304761904761905 11
1769034662055 0.5940952380952381 12
1769034665722 0.6398095238095238 13
1769034669393 0.6036190476190476 14
