1769033613164 0.16107142857142856 0
1769033621728 0.10385714285714286 1
1769033630318 0.10404761904761904 2
1769033638809 0.10476190476190476 3
1769033647295 0.10457142857142857 4
1769033655830 0.10426190476190476 5
1769033664326 0.10223809523809524 6
1769033672838 0.10216666666666667 7
1769033681260 0.10080952380952381 8
1769033689697 0.10421428571428572 9
1769033698130 0.10204761904761905 10
1769033706573 0.10280952380952381 11
1769033715086 0.10114285714285715 12
1769033723586 0.1030952380952381 13
