1769035395649 3.0013633171717324 0
1769035397745 1.3452432978720892 1
1769035399914 1.2710207920698893 2
1769035402037 1.1750005114646185 3
1769035404158 1.0630764563878377 4
1769035406262 1.1631940347807748 5
1769035408471 1.1024859036718095 6
1769035410571 1.166134306362697 7
1769035412667 0.9734693581149692 8
1769035414804 1.0217580227624803 9
1769035416951 1.170418611594609 10
1769035419062 1.2770242180143083 11
1769035421169 1.0869451335498266 12
1769035423270 1.00440461791697 13
1769035425374 1.0041524931078865 14
