1769035395650 0.32676190476190475 0
1769035397746 0.5027142857142857 1
1769035399915 0.5399047619047619 2
1769035402038 0.5654285714285714 3
1769035404158 0.6120476190476191 4
1769035406263 0.5890952380952381 5
1769035408471 0.5989523809523809 6
1769035410572 0.5776190476190476 7
1769035412668 0.6142380952380952 8
1769035414805 0.6038095238095238 9
1769035416952 0.5706190476190476 10
1769035419063 0.5555714285714286 11
1769035421170 0.5871428571428572 12
1769035423271 0.6163809523809524 13
1769035425375 0.6203809523809524 14
