1769021518998 0.10442857142857143 0
1769021524264 0.10245238095238095 1
1769021529166 0.10304761904761905 2
1769021534194 0.10395238095238095 3
1769021539172 0.10176190476190476 4
1769021544148 0.1014047619047619 5
1769021549156 0.1024047619047619 6
1769021554349 0.10402380952380952 7
1769021559458 0.10316666666666667 8
1769021564384 0.10219047619047619 9
1769021569299 0.10214285714285715 10
1769021574254 0.10378571428571429 11
1769021579148 0.10271428571428572 12
1769021584039 0.10071428571428571 13
1769021588967 0.10623809523809524 14
