1769021518998 2.3620513939984593 0
1769021524264 2.314380524272875 1
1769021529165 2.314562534250926 2
1769021534193 2.3133518361718437 3
1769021539171 2.3144709798823033 4
1769021544147 2.3141495010277193 5
1769021549155 2.314908477793372 6
1769021554348 2.313198838266633 7
1769021559458 2.3142272013339573 8
1769021564383 2.3147933297909042 9
1769021569299 2.314089128468115 10
1769021574254 2.314244908226054 11
1769021579148 2.31368912510171 12
1769021584038 2.3142900534104682 13
1769021588967 2.3132601178337033 14
