1769035571269 2.4800248742103577 0
1769035573414 1.4754089088667006 1
1769035575555 1.223888187181382 2
1769035577660 1.1529859119937533 3
1769035579769 1.2510374926385426 4
1769035581879 1.3740004613285972 5
1769035584090 1.1532289925075712 6
1769035586194 1.0842173312391554 7
1769035588291 1.0760051962875186 8
1769035590395 1.1564751210666837 9
1769035592520 1.0011142832892281 10
1769035594639 1.3466891589618863 11
1769035596745 1.1680221486659277 12
1769035598846 1.029903722660882 13
1769035600967 0.9871233559790111 14
