1769035571270 0.2864285714285714 0
1769035573415 0.4238571428571429 1
1769035575556 0.542047619047619 2
1769035577661 0.5632857142857143 3
1769035579770 0.5384285714285715 4
1769035581880 0.49842857142857144 5
1769035584091 0.5392857142857143 6
1769035586194 0.5731904761904761 7
1769035588292 0.5832857142857143 8
1769035590396 0.5673333333333334 9
1769035592521 0.605904761904762 10
1769035594640 0.5242380952380953 11
1769035596746 0.560047619047619 12
1769035598847 0.6006666666666667 13
1769035600968 0.6083333333333333 14
