1769031693126 2.410768087638396 0
1769031698189 2.3143257688041508 1
1769031703349 2.3134008783106577 2
1769031708431 2.314038109071184 3
1769031713496 2.31332392648986 4
1769031718637 2.3149450469906787 5
1769031723751 2.314312424808627 6
1769031728969 2.314774070181923 7
1769031734024 2.313461479120189 8
1769031739223 2.313977639364633 9
1769031744330 2.3140513513801846 10
1769031749789 2.313578030215087 11
1769031754846 2.313817338551262 12
1769031759854 2.3142404770542444 13
1769031765007 2.3135625807637945 14
