1769031693127 0.10385714285714286 0
1769031698190 0.10157142857142858 1
1769031703349 0.10185714285714285 2
1769031708432 0.10385714285714286 3
1769031713497 0.10330952380952381 4
1769031718638 0.1019047619047619 5
1769031723752 0.10092857142857142 6
1769031728970 0.10166666666666667 7
1769031734025 0.1030952380952381 8
1769031739224 0.10466666666666667 9
1769031744331 0.103 10
1769031749790 0.10352380952380952 11
1769031754846 0.10180952380952381 12
1769031759855 0.10219047619047619 13
1769031765008 0.10414285714285715 14
