1769034464991 0.4429047619047619 0
1769034472117 0.658047619047619 1
1769034479250 0.7771904761904762 2
1769034486405 0.7818333333333334 3
1769034493556 0.8134285714285714 4
1769034500629 0.8165714285714286 5
1769034507730 0.792 6
1769034514859 0.7992619047619047 7
1769034522114 0.8178333333333333 8
1769034529329 0.8216904761904762 9
1769034536410 0.8329047619047619 10
1769034543465 0.7979047619047619 11
1769034550514 0.8480238095238095 12
1769034557595 0.8468333333333333 13
1769034564670 0.8558571428571429 14
