1769034464988 2.2098954944725495 0
1769034472115 0.9836867153644562 1
1769034479248 0.6968104918319059 2
1769034486402 0.7325215059590627 3
1769034493554 0.6123937860310796 4
1769034500627 0.6260156749960888 5
1769034507728 0.6901144967021713 6
1769034514857 0.6686407557453018 7
1769034522112 0.685857958104237 8
1769034529327 0.671646665018725 9
1769034536407 0.6198585539697165 10
1769034543463 0.7388938521764364 11
1769034550512 0.5756864809846304 12
1769034557593 0.5867646918239364 13
1769034564668 0.5388298088527588 14
