1769031767518 0.12495238095238095 0
1769031770028 0.10342857142857143 1
1769031772545 0.09952380952380953 2
1769031775058 0.10052380952380953 3
1769031777554 0.10161904761904762 4
1769031780337 0.10119047619047619 5
1769031782966 0.10195238095238095 6
1769031785489 0.09871428571428571 7
1769031788010 0.10138095238095238 8
1769031790533 0.1040952380952381 9
1769031793077 0.10066666666666667 10
1769031795650 0.10014285714285714 11
1769031798164 0.10080952380952381 12
1769031800799 0.10171428571428572 13
1769031803320 0.09595238095238096 14
