1769031767517 2.4096949069648756 0
1769031770027 2.3147783729402263 1
1769031772544 2.314838032018467 2
1769031775057 2.3152118676329314 3
1769031777553 2.315022610456795 4
1769031780336 2.3148746018721815 5
1769031782965 2.3131392814978797 6
1769031785488 2.316446308675966 7
1769031788010 2.3127277351042634 8
1769031790532 2.3144290875445037 9
1769031793077 2.3159519693441406 10
1769031795649 2.3141313488262067 11
1769031798163 2.3167165973233668 12
1769031800798 2.315837087877991 13
1769031803320 2.3150325870223605 14
