1769020766160 0.10119047619047619 0
1769020768614 0.10352380952380952 1
1769020771069 0.10233333333333333 2
1769020773504 0.10366666666666667 3
1769020775929 0.10223809523809524 4
1769020778607 0.099 5
1769020781142 0.10614285714285714 6
1769020783698 0.10442857142857143 7
1769020786236 0.10057142857142858 8
1769020788796 0.10271428571428572 9
1769020791236 0.09961904761904762 10
1769020793671 0.10233333333333333 11
1769020796109 0.10576190476190477 12
1769020798548 0.0990952380952381 13
1769020801022 0.10604761904761904 14
