1769020766160 2.410707307188478 0
1769020768613 2.3214753461573583 1
1769020771069 2.311459990941226 2
1769020773504 2.3135362611332257 3
1769020775929 2.3137290354370164 4
1769020778606 2.314073871441265 5
1769020781141 2.3128784766117367 6
1769020783698 2.31309014368275 7
1769020786236 2.3155504506835474 8
1769020788795 2.3137046848076483 9
1769020791236 2.314122776644052 10
1769020793670 2.3147151833074098 11
1769020796108 2.3128212292989097 12
1769020798547 2.3155051624031007 13
1769020801022 2.312996327967767 14
