1769035334654 2.5721473090619926 0
1769035338850 1.2350474631929973 1
1769035343038 1.0511431866381542 2
1769035347209 0.9518717297588486 3
1769035351403 0.9524217743471445 4
1769035355582 0.9587529581713389 5
1769035359763 0.8796748088066837 6
1769035363955 0.9890191052333418 7
1769035368128 1.0295810397849026 8
1769035372443 0.944968592689698 9
1769035376682 0.8905992270952248 10
1769035380867 0.8979069482849305 11
1769035385147 0.8855128589882908 12
1769035389342 1.1035412406346885 13
1769035393533 0.9761353048933558 14
