1769035334655 0.38216666666666665 0
1769035338851 0.5372142857142858 1
1769035343038 0.6070952380952381 2
1769035347210 0.6463809523809524 3
1769035351404 0.6467619047619048 4
1769035355583 0.6472142857142857 5
1769035359764 0.6952619047619047 6
1769035363956 0.6644285714285715 7
1769035368128 0.6313333333333333 8
1769035372443 0.667 9
1769035376683 0.6901904761904762 10
1769035380868 0.6864285714285714 11
1769035385148 0.7013571428571429 12
1769035389342 0.6152142857142857 13
1769035393534 0.6582142857142858 14
