1769034192675 0.5483095238095238 0
1769034196869 0.7587380952380952 1
1769034201072 0.8267142857142857 2
1769034205282 0.8504285714285714 3
1769034209507 0.8401190476190477 4
1769034213788 0.7530476190476191 5
1769034218014 0.8152857142857143 6
1769034222219 0.814047619047619 7
1769034226429 0.8303809523809523 8
1769034230774 0.8427619047619047 9
1769034235043 0.8437142857142857 10
1769034239304 0.7017857142857142 11
1769034243546 0.7355952380952381 12
1769034247796 0.7585 13
1769034252055 0.6951904761904761 14
