1769034192674 1.9236902910542775 0
1769034196868 0.7864598021449813 1
1769034201071 0.6135001696017851 2
1769034205281 0.5640447681926819 3
1769034209506 0.5721677175487381 4
1769034213787 0.8527695156005491 5
1769034218013 0.6768320292593485 6
1769034222218 0.7068813062575926 7
1769034226428 0.6317538644175932 8
1769034230773 0.5901024237454656 9
1769034235043 0.5945888980325446 10
1769034239304 1.0531471723533539 11
1769034243545 0.8296127261885677 12
1769034247795 0.7826841092971434 13
1769034252054 1.0721178686762431 14
