1769035510214 0.4223095238095238 0
1769035514404 0.5988809523809524 1
1769035518608 0.693952380952381 2
1769035522809 0.7080952380952381 3
1769035527021 0.7463809523809524 4
1769035531228 0.737904761904762 5
1769035535427 0.6964523809523809 6
1769035539661 0.7409761904761905 7
1769035543857 0.7633571428571428 8
1769035548177 0.7520714285714286 9
1769035552387 0.7491904761904762 10
1769035556575 0.792047619047619 11
1769035560767 0.7751190476190476 12
1769035564955 0.7966904761904762 13
1769035569152 0.8027380952380953 14
