1769035510213 2.132107789257923 0
1769035514403 1.039694486612297 1
1769035518607 0.8458994311022471 2
1769035522808 0.8312111848808197 3
1769035527020 0.7680827214057186 4
1769035531227 0.8159092937607363 5
1769035535426 0.927293053592544 6
1769035539660 0.7830271397728518 7
1769035543857 0.7299029173621212 8
1769035548177 0.8004016632057098 9
1769035552386 0.8468027229768684 10
1769035556575 0.6573053296790066 11
1769035560766 0.7227696374238256 12
1769035564955 0.6175169330763529 13
1769035569151 0.6045582412955273 14
