1769025953454 0.1044047619047619 0
1769025962140 0.1030952380952381 1
1769025970663 0.1049047619047619 2
1769025979130 0.10166666666666667 3
1769025987636 0.10330952380952381 4
1769025996149 0.10283333333333333 5
1769026004728 0.10635714285714286 6
1769026013366 0.10278571428571429 7
1769026021839 0.10483333333333333 8
1769026030440 0.10257142857142858 9
1769026039029 0.10228571428571429 10
1769026048084 0.10528571428571429 11
1769026056711 0.1015952380952381 12
1769026065331 0.10161904761904762 13
