1769022256648 2.278733171284471 0
1769022259105 2.317652858918479 1
1769022261564 2.31456058065278 2
1769022264232 2.313833118392271 3
1769022266686 2.3134614220130025 4
1769022269269 2.3140267741553133 5
1769022271797 2.3151655810427267 6
1769022274264 2.3140339136486547 7
1769022276721 2.312708666335502 8
1769022279212 2.3133043615059585 9
1769022281663 2.3141516931525103 10
1769022284255 2.3134826859019846 11
1769022286849 2.3127774060044657 12
1769022289303 2.313822996670797 13
1769022291769 2.313212926347869 14
