1769022256648 0.176 0
1769022259105 0.106 1
1769022261565 0.10066666666666667 2
1769022264233 0.10495238095238095 3
1769022266687 0.10528571428571429 4
1769022269270 0.10014285714285714 5
1769022271798 0.10257142857142858 6
1769022274265 0.10395238095238095 7
1769022276722 0.10461904761904763 8
1769022279212 0.10452380952380952 9
1769022281664 0.10261904761904762 10
1769022284256 0.10342857142857143 11
1769022286850 0.10580952380952381 12
1769022289304 0.10228571428571429 13
1769022291770 0.10219047619047619 14
