1769022183365 2.3514668992341066 0
1769022188340 2.3150007781052717 1
1769022193747 2.3146118956127877 2
1769022198795 2.31316459206162 3
1769022203816 2.314288698074387 4
1769022208978 2.313609789458287 5
1769022214013 2.313741570288955 6
1769022218975 2.315699117381611 7
1769022224194 2.3140293191792125 8
1769022229199 2.313754816592784 9
1769022234139 2.313514548590051 10
1769022239068 2.3137777449062376 11
1769022244079 2.314005562120599 12
1769022249204 2.313876018030264 13
1769022254177 2.3139493830405566 14
