1769022183366 0.10535714285714286 0
1769022188340 0.10245238095238095 1
1769022193747 0.10204761904761905 2
1769022198796 0.10397619047619047 3
1769022203817 0.10085714285714285 4
1769022208979 0.10442857142857143 5
1769022214013 0.10338095238095238 6
1769022218975 0.09814285714285714 7
1769022224195 0.10188095238095238 8
1769022229199 0.09976190476190476 9
1769022234140 0.1035 10
1769022239069 0.10583333333333333 11
1769022244080 0.10116666666666667 12
1769022249205 0.10154761904761905 13
1769022254178 0.10192857142857142 14
